{
 "cells": [
  {
   "cell_type": "code",
   "execution_count": 1,
   "metadata": {
    "collapsed": false
   },
   "outputs": [
    {
     "name": "stdout",
     "output_type": "stream",
     "text": [
      "Fully specified RPE configuration.\n"
     ]
    }
   ],
   "source": [
    "#import the module and relevant packages.\n",
    "#Here we'll be doing RPE on a gate set with pi/2 X and Y rotations, along with preparation in |0>\n",
    "#and \"positive\" measurement in |1>.\n",
    "\n",
    "import pygsti as gst\n",
    "import pygsti.construction.std1Q_XY as Std1Q_XY\n",
    "from pygsti.tools.rpeconfig_GxPi2_GyPi2_UpDn import rpeconfig_GxPi2_GyPi2_UpDn\n",
    "from pygsti.tools import rpe as RPE\n",
    "from pygsti.construction import rpeconstruction as RPEConstr\n",
    "\n",
    "import numpy as np\n",
    "import time\n",
    "import pickle"
   ]
  },
  {
   "cell_type": "code",
   "execution_count": 2,
   "metadata": {
    "collapsed": true
   },
   "outputs": [],
   "source": [
    "%matplotlib inline\n",
    "from matplotlib import pyplot as plt"
   ]
  },
  {
   "cell_type": "code",
   "execution_count": 3,
   "metadata": {
    "collapsed": true
   },
   "outputs": [],
   "source": [
    "#Load the rpeinstance file which will be used to define a collection of relevant parameters,\n",
    "#including what RPE gate sequences should be used, and what inversion functions should be used.\n",
    "rpeconfig_inst = rpeconfig_GxPi2_GyPi2_UpDn"
   ]
  },
  {
   "cell_type": "code",
   "execution_count": 4,
   "metadata": {
    "collapsed": false
   },
   "outputs": [],
   "source": [
    "#Declare more relevant parameters, here mostly for GST.\n",
    "\n",
    "gs_target = Std1Q_XY.gs_target\n",
    "maxLengths_1024 = [0,1,2,4,8,16,32,64,128,256,512,1024]\n",
    "fiducials = Std1Q_XY.fiducials\n",
    "#measFiducials = Std1Q_XY.fiducials\n",
    "germs = gst.construction.gatestring_list([('Gy',),\n",
    " ('Gy','Gy','Gy','Gx',),\n",
    " ('Gy','Gx','Gy','Gx','Gx','Gx',),\n",
    " ('Gy','Gx','Gy','Gy','Gx','Gx',),\n",
    " ('Gy','Gy','Gy','Gx','Gy','Gx',),\n",
    " ('Gx',),\n",
    " ('Gx','Gy',),\n",
    " ('Gx','Gx','Gy','Gx','Gy','Gy',)])\n",
    "stringListsGST = gst.construction.make_lsgst_lists(gs_target.gates.keys(), fiducials, fiducials, germs, maxLengths_1024)\n",
    "\n",
    "stringListsRPE = RPEConstr.make_rpe_angle_string_list_dict(10,rpeconfig_inst)"
   ]
  },
  {
   "cell_type": "code",
   "execution_count": 5,
   "metadata": {
    "collapsed": true
   },
   "outputs": [],
   "source": [
    "#Make some dictionary containers to contain our GST gate set estimates, our GST and RPE angle estimates, and \n",
    "#the number of unique experimental sequences used for GST and RPE as a function of experiment generation.\n",
    "gsEstD = {}\n",
    "\n",
    "expAngleD = {}\n",
    "\n",
    "numStrsD = {}"
   ]
  },
  {
   "cell_type": "code",
   "execution_count": 6,
   "metadata": {
    "collapsed": true
   },
   "outputs": [],
   "source": [
    "#Make empty lists to be populated by our error bars (as a function of experiment generation) for each angle.\n",
    "\n",
    "alphaGSTErrorBarList = []\n",
    "epsilonGSTErrorBarList = []\n",
    "thetaGSTErrorBarList = []"
   ]
  },
  {
   "cell_type": "code",
   "execution_count": 7,
   "metadata": {
    "collapsed": true
   },
   "outputs": [],
   "source": [
    "#Record the number of unique experimental sequences used for GST and RPE as a function of experiment generation.\n",
    "numStrsD['RPE'] = [6*i for i in np.arange(1,12)]\n",
    "numStrsD['GST'] = [len(stringList) for stringList in stringListsGST][1:]"
   ]
  },
  {
   "cell_type": "code",
   "execution_count": 8,
   "metadata": {
    "collapsed": false
   },
   "outputs": [
    {
     "name": "stdout",
     "output_type": "stream",
     "text": [
      "Loading from cache file:  tutorial_files/2016_02_22-GST-BB1-XYXY-1024-002-029_condensed.txt.cache\n",
      "Loading from cache file:  tutorial_files/2016_02_22-RPE-BB1-XYXY-1024-002-029_condensed.txt.cache\n"
     ]
    }
   ],
   "source": [
    "#Load the experimental data.\n",
    "\n",
    "DSGST = gst.io.load_dataset('tutorial_files/2016_02_22-GST-BB1-XYXY-1024-002-029_condensed.txt',cache=True)\n",
    "DSRPE = gst.io.load_dataset('tutorial_files/2016_02_22-RPE-BB1-XYXY-1024-002-029_condensed.txt',cache=True)"
   ]
  },
  {
   "cell_type": "code",
   "execution_count": 9,
   "metadata": {
    "collapsed": false,
    "scrolled": false
   },
   "outputs": [
    {
     "name": "stdout",
     "output_type": "stream",
     "text": [
      "LGST: Singular values of I_tilde (truncating to first 4 of 6) = \n",
      "[ 4.24356766  1.44450787  1.38390969  1.33532798  0.07735167  0.04114918]\n",
      "\n",
      "--- LGST ---\n",
      "\n",
      "--- Gauge Optimization to TP (L-BFGS-B) ---\n",
      "    5s           0.0000000918\n",
      "    5s           0.0000000872\n",
      "The resulting TP penalty is: 8.71986e-08\n",
      "The gauge matrix found (B^-1) is:\n",
      "[[  1.00007045e+00   4.82710558e-05   7.21042113e-05  -1.02617764e-05]\n",
      " [  1.25400944e-08   9.99999964e-01   1.57869887e-08  -2.12950356e-09]\n",
      " [ -3.00211868e-08   1.58937661e-08   9.99999969e-01   4.43252329e-09]\n",
      " [  2.72904644e-09  -3.68716571e-09   2.12890594e-09   9.99999997e-01]]\n",
      "\n",
      "The gauge-corrected gates are:\n",
      "rho0 =    0.7072   0.0204  -0.0010   0.6997\n",
      "\n",
      "\n",
      "E0 =    0.6931   0.0542  -0.0265  -0.6885\n",
      "\n",
      "\n",
      "Gx = \n",
      "   0.9999   0.0002        0        0\n",
      "  -0.0156   0.9942  -0.0432  -0.0002\n",
      "   0.0195  -0.0422   0.0179  -0.9992\n",
      "  -0.0198   0.1103   1.0041  -0.0014\n",
      "\n",
      "\n",
      "Gy = \n",
      "   0.9999        0  -0.0001        0\n",
      "  -0.0048  -0.0225   0.0034   0.9901\n",
      "   0.0148  -0.0118   0.9916  -0.0543\n",
      "  -0.0093  -1.0014  -0.0141   0.0300\n",
      "\n",
      "\n",
      "\n"
     ]
    }
   ],
   "source": [
    "#Run GST analysis; record the gate set estimates, and extract the corresponding angles.\n",
    "\n",
    "method = 'GST'\n",
    "\n",
    "baseKey =  ('Exp. N=370',)\n",
    "\n",
    "DSTemp = DSGST\n",
    "\n",
    "resultsGST = gst.do_long_sequence_gst(DSTemp,gs_target,fiducials,fiducials,germs,maxLengths_1024,constrainToTP=True,advancedOptions={'verbosity':0})\n",
    "\n",
    "gsEstD[baseKey] = resultsGST.gatesets\n",
    "\n",
    "for kInd, k in enumerate(maxLengths_1024):\n",
    "    alphaKey = ('alpha','GST')+baseKey+('k',k)\n",
    "    epsilonKey = ('epsilon','GST')+baseKey+('k',k)\n",
    "    thetaKey = ('theta','GST')+baseKey+('k',k)\n",
    "    expAngleD[alphaKey] = []\n",
    "    expAngleD[epsilonKey] = []\n",
    "    expAngleD[thetaKey] = []\n",
    "    gsEstKey = baseKey\n",
    "    gs = gst.optimize_gauge(gsEstD[baseKey]['iteration estimates'][kInd],'target',targetGateset=gs_target,constrainToTP=True,spamWeight=1e-4)\n",
    "    expAngleD[alphaKey] += [RPE.extract_alpha(gs,rpeconfig_inst)]\n",
    "    expAngleD[epsilonKey] += [RPE.extract_epsilon(gs,rpeconfig_inst)]\n",
    "    expAngleD[thetaKey] += [RPE.extract_theta(gs,rpeconfig_inst)]"
   ]
  },
  {
   "cell_type": "code",
   "execution_count": 10,
   "metadata": {
    "collapsed": false
   },
   "outputs": [
    {
     "name": "stdout",
     "output_type": "stream",
     "text": [
      "LGST: Singular values of I_tilde (truncating to first 4 of 6) = \n",
      "[ 4.24356766  1.44450787  1.38390969  1.33532798  0.07735167  0.04114918]\n",
      "\n",
      "--- LGST ---\n",
      "\n",
      "--- Gauge Optimization to TP (L-BFGS-B) ---\n",
      "   35s           0.0000000918\n",
      "   35s           0.0000000872\n",
      "The resulting TP penalty is: 8.71986e-08\n",
      "The gauge matrix found (B^-1) is:\n",
      "[[  1.00007045e+00   4.82710558e-05   7.21042113e-05  -1.02617764e-05]\n",
      " [  1.25400944e-08   9.99999964e-01   1.57869887e-08  -2.12950356e-09]\n",
      " [ -3.00211868e-08   1.58937661e-08   9.99999969e-01   4.43252329e-09]\n",
      " [  2.72904644e-09  -3.68716571e-09   2.12890594e-09   9.99999997e-01]]\n",
      "\n",
      "The gauge-corrected gates are:\n",
      "rho0 =    0.7072   0.0204  -0.0010   0.6997\n",
      "\n",
      "\n",
      "E0 =    0.6931   0.0542  -0.0265  -0.6885\n",
      "\n",
      "\n",
      "Gx = \n",
      "   0.9999   0.0002        0        0\n",
      "  -0.0156   0.9942  -0.0432  -0.0002\n",
      "   0.0195  -0.0422   0.0179  -0.9992\n",
      "  -0.0198   0.1103   1.0041  -0.0014\n",
      "\n",
      "\n",
      "Gy = \n",
      "   0.9999        0  -0.0001        0\n",
      "  -0.0048  -0.0225   0.0034   0.9901\n",
      "   0.0148  -0.0118   0.9916  -0.0543\n",
      "  -0.0093  -1.0014  -0.0141   0.0300\n",
      "\n",
      "\n",
      "\n",
      "LGST: Singular values of I_tilde (truncating to first 4 of 6) = \n",
      "[ 4.24356766  1.44450787  1.38390969  1.33532798  0.07735167  0.04114918]\n",
      "\n",
      "--- LGST ---\n",
      "\n",
      "--- Gauge Optimization to TP (L-BFGS-B) ---\n",
      "   36s           0.0000000918\n",
      "   36s           0.0000000872\n",
      "The resulting TP penalty is: 8.71986e-08\n",
      "The gauge matrix found (B^-1) is:\n",
      "[[  1.00007045e+00   4.82710558e-05   7.21042113e-05  -1.02617764e-05]\n",
      " [  1.25400944e-08   9.99999964e-01   1.57869887e-08  -2.12950356e-09]\n",
      " [ -3.00211868e-08   1.58937661e-08   9.99999969e-01   4.43252329e-09]\n",
      " [  2.72904644e-09  -3.68716571e-09   2.12890594e-09   9.99999997e-01]]\n",
      "\n",
      "The gauge-corrected gates are:\n",
      "rho0 =    0.7072   0.0204  -0.0010   0.6997\n",
      "\n",
      "\n",
      "E0 =    0.6931   0.0542  -0.0265  -0.6885\n",
      "\n",
      "\n",
      "Gx = \n",
      "   0.9999   0.0002        0        0\n",
      "  -0.0156   0.9942  -0.0432  -0.0002\n",
      "   0.0195  -0.0422   0.0179  -0.9992\n",
      "  -0.0198   0.1103   1.0041  -0.0014\n",
      "\n",
      "\n",
      "Gy = \n",
      "   0.9999        0  -0.0001        0\n",
      "  -0.0048  -0.0225   0.0034   0.9901\n",
      "   0.0148  -0.0118   0.9916  -0.0543\n",
      "  -0.0093  -1.0014  -0.0141   0.0300\n",
      "\n",
      "\n",
      "\n",
      "LGST: Singular values of I_tilde (truncating to first 4 of 6) = \n",
      "[ 4.24356766  1.44450787  1.38390969  1.33532798  0.07735167  0.04114918]\n",
      "\n",
      "--- LGST ---\n",
      "\n",
      "--- Gauge Optimization to TP (L-BFGS-B) ---\n",
      "   38s           0.0000000918\n",
      "   38s           0.0000000872\n",
      "The resulting TP penalty is: 8.71986e-08\n",
      "The gauge matrix found (B^-1) is:\n",
      "[[  1.00007045e+00   4.82710558e-05   7.21042113e-05  -1.02617764e-05]\n",
      " [  1.25400944e-08   9.99999964e-01   1.57869887e-08  -2.12950356e-09]\n",
      " [ -3.00211868e-08   1.58937661e-08   9.99999969e-01   4.43252329e-09]\n",
      " [  2.72904644e-09  -3.68716571e-09   2.12890594e-09   9.99999997e-01]]\n",
      "\n",
      "The gauge-corrected gates are:\n",
      "rho0 =    0.7072   0.0204  -0.0010   0.6997\n",
      "\n",
      "\n",
      "E0 =    0.6931   0.0542  -0.0265  -0.6885\n",
      "\n",
      "\n",
      "Gx = \n",
      "   0.9999   0.0002        0        0\n",
      "  -0.0156   0.9942  -0.0432  -0.0002\n",
      "   0.0195  -0.0422   0.0179  -0.9992\n",
      "  -0.0198   0.1103   1.0041  -0.0014\n",
      "\n",
      "\n",
      "Gy = \n",
      "   0.9999        0  -0.0001        0\n",
      "  -0.0048  -0.0225   0.0034   0.9901\n",
      "   0.0148  -0.0118   0.9916  -0.0543\n",
      "  -0.0093  -1.0014  -0.0141   0.0300\n",
      "\n",
      "\n",
      "\n",
      "LGST: Singular values of I_tilde (truncating to first 4 of 6) = \n",
      "[ 4.24356766  1.44450787  1.38390969  1.33532798  0.07735167  0.04114918]\n",
      "\n",
      "--- LGST ---\n",
      "\n",
      "--- Gauge Optimization to TP (L-BFGS-B) ---\n",
      "   40s           0.0000000918\n",
      "   40s           0.0000000872\n",
      "The resulting TP penalty is: 8.71986e-08\n",
      "The gauge matrix found (B^-1) is:\n",
      "[[  1.00007045e+00   4.82710558e-05   7.21042113e-05  -1.02617764e-05]\n",
      " [  1.25400944e-08   9.99999964e-01   1.57869887e-08  -2.12950356e-09]\n",
      " [ -3.00211868e-08   1.58937661e-08   9.99999969e-01   4.43252329e-09]\n",
      " [  2.72904644e-09  -3.68716571e-09   2.12890594e-09   9.99999997e-01]]\n",
      "\n",
      "The gauge-corrected gates are:\n",
      "rho0 =    0.7072   0.0204  -0.0010   0.6997\n",
      "\n",
      "\n",
      "E0 =    0.6931   0.0542  -0.0265  -0.6885\n",
      "\n",
      "\n",
      "Gx = \n",
      "   0.9999   0.0002        0        0\n",
      "  -0.0156   0.9942  -0.0432  -0.0002\n",
      "   0.0195  -0.0422   0.0179  -0.9992\n",
      "  -0.0198   0.1103   1.0041  -0.0014\n",
      "\n",
      "\n",
      "Gy = \n",
      "   0.9999        0  -0.0001        0\n",
      "  -0.0048  -0.0225   0.0034   0.9901\n",
      "   0.0148  -0.0118   0.9916  -0.0543\n",
      "  -0.0093  -1.0014  -0.0141   0.0300\n",
      "\n",
      "\n",
      "\n",
      "LGST: Singular values of I_tilde (truncating to first 4 of 6) = \n",
      "[ 4.24356766  1.44450787  1.38390969  1.33532798  0.07735167  0.04114918]\n",
      "\n",
      "--- LGST ---\n",
      "\n",
      "--- Gauge Optimization to TP (L-BFGS-B) ---\n",
      "   44s           0.0000000918\n",
      "   44s           0.0000000872\n",
      "The resulting TP penalty is: 8.71986e-08\n",
      "The gauge matrix found (B^-1) is:\n",
      "[[  1.00007045e+00   4.82710558e-05   7.21042113e-05  -1.02617764e-05]\n",
      " [  1.25400944e-08   9.99999964e-01   1.57869887e-08  -2.12950356e-09]\n",
      " [ -3.00211868e-08   1.58937661e-08   9.99999969e-01   4.43252329e-09]\n",
      " [  2.72904644e-09  -3.68716571e-09   2.12890594e-09   9.99999997e-01]]\n",
      "\n",
      "The gauge-corrected gates are:\n",
      "rho0 =    0.7072   0.0204  -0.0010   0.6997\n",
      "\n",
      "\n",
      "E0 =    0.6931   0.0542  -0.0265  -0.6885\n",
      "\n",
      "\n",
      "Gx = \n",
      "   0.9999   0.0002        0        0\n",
      "  -0.0156   0.9942  -0.0432  -0.0002\n",
      "   0.0195  -0.0422   0.0179  -0.9992\n",
      "  -0.0198   0.1103   1.0041  -0.0014\n",
      "\n",
      "\n",
      "Gy = \n",
      "   0.9999        0  -0.0001        0\n",
      "  -0.0048  -0.0225   0.0034   0.9901\n",
      "   0.0148  -0.0118   0.9916  -0.0543\n",
      "  -0.0093  -1.0014  -0.0141   0.0300\n",
      "\n",
      "\n",
      "\n",
      "LGST: Singular values of I_tilde (truncating to first 4 of 6) = \n",
      "[ 4.24356766  1.44450787  1.38390969  1.33532798  0.07735167  0.04114918]\n",
      "\n",
      "--- LGST ---\n",
      "\n",
      "--- Gauge Optimization to TP (L-BFGS-B) ---\n",
      "   49s           0.0000000918\n",
      "   49s           0.0000000872\n",
      "The resulting TP penalty is: 8.71986e-08\n",
      "The gauge matrix found (B^-1) is:\n",
      "[[  1.00007045e+00   4.82710558e-05   7.21042113e-05  -1.02617764e-05]\n",
      " [  1.25400944e-08   9.99999964e-01   1.57869887e-08  -2.12950356e-09]\n",
      " [ -3.00211868e-08   1.58937661e-08   9.99999969e-01   4.43252329e-09]\n",
      " [  2.72904644e-09  -3.68716571e-09   2.12890594e-09   9.99999997e-01]]\n",
      "\n",
      "The gauge-corrected gates are:\n",
      "rho0 =    0.7072   0.0204  -0.0010   0.6997\n",
      "\n",
      "\n",
      "E0 =    0.6931   0.0542  -0.0265  -0.6885\n",
      "\n",
      "\n",
      "Gx = \n",
      "   0.9999   0.0002        0        0\n",
      "  -0.0156   0.9942  -0.0432  -0.0002\n",
      "   0.0195  -0.0422   0.0179  -0.9992\n",
      "  -0.0198   0.1103   1.0041  -0.0014\n",
      "\n",
      "\n",
      "Gy = \n",
      "   0.9999        0  -0.0001        0\n",
      "  -0.0048  -0.0225   0.0034   0.9901\n",
      "   0.0148  -0.0118   0.9916  -0.0543\n",
      "  -0.0093  -1.0014  -0.0141   0.0300\n",
      "\n",
      "\n",
      "\n",
      "LGST: Singular values of I_tilde (truncating to first 4 of 6) = \n",
      "[ 4.24356766  1.44450787  1.38390969  1.33532798  0.07735167  0.04114918]\n",
      "\n",
      "--- LGST ---\n",
      "\n",
      "--- Gauge Optimization to TP (L-BFGS-B) ---\n",
      "   57s           0.0000000918\n",
      "   57s           0.0000000872\n",
      "The resulting TP penalty is: 8.71986e-08\n",
      "The gauge matrix found (B^-1) is:\n",
      "[[  1.00007045e+00   4.82710558e-05   7.21042113e-05  -1.02617764e-05]\n",
      " [  1.25400944e-08   9.99999964e-01   1.57869887e-08  -2.12950356e-09]\n",
      " [ -3.00211868e-08   1.58937661e-08   9.99999969e-01   4.43252329e-09]\n",
      " [  2.72904644e-09  -3.68716571e-09   2.12890594e-09   9.99999997e-01]]\n",
      "\n",
      "The gauge-corrected gates are:\n",
      "rho0 =    0.7072   0.0204  -0.0010   0.6997\n",
      "\n",
      "\n",
      "E0 =    0.6931   0.0542  -0.0265  -0.6885\n",
      "\n",
      "\n",
      "Gx = \n",
      "   0.9999   0.0002        0        0\n",
      "  -0.0156   0.9942  -0.0432  -0.0002\n",
      "   0.0195  -0.0422   0.0179  -0.9992\n",
      "  -0.0198   0.1103   1.0041  -0.0014\n",
      "\n",
      "\n",
      "Gy = \n",
      "   0.9999        0  -0.0001        0\n",
      "  -0.0048  -0.0225   0.0034   0.9901\n",
      "   0.0148  -0.0118   0.9916  -0.0543\n",
      "  -0.0093  -1.0014  -0.0141   0.0300\n",
      "\n",
      "\n",
      "\n",
      "LGST: Singular values of I_tilde (truncating to first 4 of 6) = \n",
      "[ 4.24356766  1.44450787  1.38390969  1.33532798  0.07735167  0.04114918]\n",
      "\n",
      "--- LGST ---\n",
      "\n",
      "--- Gauge Optimization to TP (L-BFGS-B) ---\n",
      "   66s           0.0000000918\n",
      "   66s           0.0000000872\n",
      "The resulting TP penalty is: 8.71986e-08\n",
      "The gauge matrix found (B^-1) is:\n",
      "[[  1.00007045e+00   4.82710558e-05   7.21042113e-05  -1.02617764e-05]\n",
      " [  1.25400944e-08   9.99999964e-01   1.57869887e-08  -2.12950356e-09]\n",
      " [ -3.00211868e-08   1.58937661e-08   9.99999969e-01   4.43252329e-09]\n",
      " [  2.72904644e-09  -3.68716571e-09   2.12890594e-09   9.99999997e-01]]\n",
      "\n",
      "The gauge-corrected gates are:\n",
      "rho0 =    0.7072   0.0204  -0.0010   0.6997\n",
      "\n",
      "\n",
      "E0 =    0.6931   0.0542  -0.0265  -0.6885\n",
      "\n",
      "\n",
      "Gx = \n",
      "   0.9999   0.0002        0        0\n",
      "  -0.0156   0.9942  -0.0432  -0.0002\n",
      "   0.0195  -0.0422   0.0179  -0.9992\n",
      "  -0.0198   0.1103   1.0041  -0.0014\n",
      "\n",
      "\n",
      "Gy = \n",
      "   0.9999        0  -0.0001        0\n",
      "  -0.0048  -0.0225   0.0034   0.9901\n",
      "   0.0148  -0.0118   0.9916  -0.0543\n",
      "  -0.0093  -1.0014  -0.0141   0.0300\n",
      "\n",
      "\n",
      "\n",
      "LGST: Singular values of I_tilde (truncating to first 4 of 6) = \n",
      "[ 4.24356766  1.44450787  1.38390969  1.33532798  0.07735167  0.04114918]\n",
      "\n",
      "--- LGST ---\n",
      "\n",
      "--- Gauge Optimization to TP (L-BFGS-B) ---\n",
      "   78s           0.0000000918\n",
      "   78s           0.0000000872\n",
      "The resulting TP penalty is: 8.71986e-08\n",
      "The gauge matrix found (B^-1) is:\n",
      "[[  1.00007045e+00   4.82710558e-05   7.21042113e-05  -1.02617764e-05]\n",
      " [  1.25400944e-08   9.99999964e-01   1.57869887e-08  -2.12950356e-09]\n",
      " [ -3.00211868e-08   1.58937661e-08   9.99999969e-01   4.43252329e-09]\n",
      " [  2.72904644e-09  -3.68716571e-09   2.12890594e-09   9.99999997e-01]]\n",
      "\n",
      "The gauge-corrected gates are:\n",
      "rho0 =    0.7072   0.0204  -0.0010   0.6997\n",
      "\n",
      "\n",
      "E0 =    0.6931   0.0542  -0.0265  -0.6885\n",
      "\n",
      "\n",
      "Gx = \n",
      "   0.9999   0.0002        0        0\n",
      "  -0.0156   0.9942  -0.0432  -0.0002\n",
      "   0.0195  -0.0422   0.0179  -0.9992\n",
      "  -0.0198   0.1103   1.0041  -0.0014\n",
      "\n",
      "\n",
      "Gy = \n",
      "   0.9999        0  -0.0001        0\n",
      "  -0.0048  -0.0225   0.0034   0.9901\n",
      "   0.0148  -0.0118   0.9916  -0.0543\n",
      "  -0.0093  -1.0014  -0.0141   0.0300\n",
      "\n",
      "\n",
      "\n",
      "LGST: Singular values of I_tilde (truncating to first 4 of 6) = \n",
      "[ 4.24356766  1.44450787  1.38390969  1.33532798  0.07735167  0.04114918]\n",
      "\n",
      "--- LGST ---\n",
      "\n",
      "--- Gauge Optimization to TP (L-BFGS-B) ---\n",
      "   94s           0.0000000918\n",
      "   94s           0.0000000872\n",
      "The resulting TP penalty is: 8.71986e-08\n",
      "The gauge matrix found (B^-1) is:\n",
      "[[  1.00007045e+00   4.82710558e-05   7.21042113e-05  -1.02617764e-05]\n",
      " [  1.25400944e-08   9.99999964e-01   1.57869887e-08  -2.12950356e-09]\n",
      " [ -3.00211868e-08   1.58937661e-08   9.99999969e-01   4.43252329e-09]\n",
      " [  2.72904644e-09  -3.68716571e-09   2.12890594e-09   9.99999997e-01]]\n",
      "\n",
      "The gauge-corrected gates are:\n",
      "rho0 =    0.7072   0.0204  -0.0010   0.6997\n",
      "\n",
      "\n",
      "E0 =    0.6931   0.0542  -0.0265  -0.6885\n",
      "\n",
      "\n",
      "Gx = \n",
      "   0.9999   0.0002        0        0\n",
      "  -0.0156   0.9942  -0.0432  -0.0002\n",
      "   0.0195  -0.0422   0.0179  -0.9992\n",
      "  -0.0198   0.1103   1.0041  -0.0014\n",
      "\n",
      "\n",
      "Gy = \n",
      "   0.9999        0  -0.0001        0\n",
      "  -0.0048  -0.0225   0.0034   0.9901\n",
      "   0.0148  -0.0118   0.9916  -0.0543\n",
      "  -0.0093  -1.0014  -0.0141   0.0300\n",
      "\n",
      "\n",
      "\n",
      "LGST: Singular values of I_tilde (truncating to first 4 of 6) = \n",
      "[ 4.24356766  1.44450787  1.38390969  1.33532798  0.07735167  0.04114918]\n",
      "\n",
      "--- LGST ---\n",
      "\n",
      "--- Gauge Optimization to TP (L-BFGS-B) ---\n",
      "  113s           0.0000000918\n",
      "  113s           0.0000000872\n",
      "The resulting TP penalty is: 8.71986e-08\n",
      "The gauge matrix found (B^-1) is:\n",
      "[[  1.00007045e+00   4.82710558e-05   7.21042113e-05  -1.02617764e-05]\n",
      " [  1.25400944e-08   9.99999964e-01   1.57869887e-08  -2.12950356e-09]\n",
      " [ -3.00211868e-08   1.58937661e-08   9.99999969e-01   4.43252329e-09]\n",
      " [  2.72904644e-09  -3.68716571e-09   2.12890594e-09   9.99999997e-01]]\n",
      "\n",
      "The gauge-corrected gates are:\n",
      "rho0 =    0.7072   0.0204  -0.0010   0.6997\n",
      "\n",
      "\n",
      "E0 =    0.6931   0.0542  -0.0265  -0.6885\n",
      "\n",
      "\n",
      "Gx = \n",
      "   0.9999   0.0002        0        0\n",
      "  -0.0156   0.9942  -0.0432  -0.0002\n",
      "   0.0195  -0.0422   0.0179  -0.9992\n",
      "  -0.0198   0.1103   1.0041  -0.0014\n",
      "\n",
      "\n",
      "Gy = \n",
      "   0.9999        0  -0.0001        0\n",
      "  -0.0048  -0.0225   0.0034   0.9901\n",
      "   0.0148  -0.0118   0.9916  -0.0543\n",
      "  -0.0093  -1.0014  -0.0141   0.0300\n",
      "\n",
      "\n",
      "\n"
     ]
    }
   ],
   "source": [
    "#Redo the above analysis, but extract error bars at each generation.  This could certainly be \n",
    "#optimized to minimize redundancy, but the additional cost is not large at present in terms of runtime.\n",
    "\n",
    "method = 'GST'\n",
    "\n",
    "baseKey =  ('Exp. N=370',)\n",
    "\n",
    "DSTemp = DSGST\n",
    "\n",
    "\n",
    "for kInd, kMax in enumerate(maxLengths_1024[:-1]):\n",
    "    resultsTempGST = gst.do_long_sequence_gst(DSTemp,gs_target,fiducials,fiducials,germs,[0]+[2**k for k in xrange(kInd+1)],constrainToTP=True,advancedOptions={'verbosity':0})\n",
    "    resultsTempGST.confidence_level = 95\n",
    "    alphaErrorBar = resultsTempGST.tables['bestGatesetRotnAxisTable']['Gx']['Angle']['errbar']\n",
    "    epsilonErrorBar = resultsTempGST.tables['bestGatesetRotnAxisTable']['Gy']['Angle']['errbar']\n",
    "    thetaErrorBar = resultsTempGST.tables['bestGatesetVsTargetAnglesTable']['Gy']['Angle between rotation axes']['errbar']\n",
    "    alphaGSTErrorBarList.append(alphaErrorBar)\n",
    "    epsilonGSTErrorBarList.append(epsilonErrorBar)\n",
    "    thetaGSTErrorBarList.append(thetaErrorBar)"
   ]
  },
  {
   "cell_type": "code",
   "execution_count": 11,
   "metadata": {
    "collapsed": false
   },
   "outputs": [],
   "source": [
    "#Run RPE analysis; record the corresponding angles.\n",
    "\n",
    "method = 'RPE'\n",
    "\n",
    "baseKey =  ('Exp. N=370',)\n",
    "\n",
    "#startAll = time.time()\n",
    "#seedCounter = 0\n",
    "#gsEstKey =  ('deltaAlpha',deltaAlpha,'deltaEpsilon',deltaEpsilon,'Zrot',Zrot,'SPAMdepol',SPAMdepol,'N',N,'run',i)\n",
    "#print \"N, Run =\", N, i\n",
    "#startOne = time.time()\n",
    "DSTemp = DSRPE\n",
    "\n",
    "for kInd, k in enumerate(maxLengths_1024[1:]):    \n",
    "    alphaKey = ('alpha','RPE')+baseKey+('k',k)\n",
    "    epsilonKey = ('epsilon','RPE')+baseKey+('k',k)\n",
    "    thetaKey = ('theta','RPE')+baseKey+('k',k)\n",
    "    expAngleD[alphaKey] = []\n",
    "    expAngleD[epsilonKey] = []\n",
    "    expAngleD[thetaKey] = []\n",
    "\n",
    "resultsTemp = RPE.analyze_rpe_data(DSTemp,gs_target,stringListsRPE,rpeconfig_inst)\n",
    "for kInd, k in enumerate(maxLengths_1024[1:]):    \n",
    "    alphaKey = ('alpha','RPE')+baseKey+('k',k)\n",
    "    epsilonKey = ('epsilon','RPE')+baseKey+('k',k)\n",
    "    thetaKey = ('theta','RPE')+baseKey+('k',k)\n",
    "\n",
    "    expAngleD[alphaKey] += [resultsTemp['alphaHatList'][kInd]]\n",
    "    expAngleD[epsilonKey] += [resultsTemp['epsilonHatList'][kInd]]\n",
    "    expAngleD[thetaKey] += [resultsTemp['thetaHatList'][kInd]]"
   ]
  },
  {
   "cell_type": "code",
   "execution_count": 12,
   "metadata": {
    "collapsed": false,
    "scrolled": true
   },
   "outputs": [
    {
     "name": "stdout",
     "output_type": "stream",
     "text": [
      "Generating non-parametric dataset.\n",
      "Generating non-parametric dataset.\n",
      "Generating non-parametric dataset.\n",
      "Generating non-parametric dataset.\n",
      "Generating non-parametric dataset.\n",
      "Generating non-parametric dataset.\n",
      "Generating non-parametric dataset.\n",
      "Generating non-parametric dataset.\n",
      "Generating non-parametric dataset.\n",
      "Generating non-parametric dataset.\n",
      "Generating non-parametric dataset.\n",
      "Generating non-parametric dataset.\n",
      "Generating non-parametric dataset.\n",
      "Generating non-parametric dataset.\n",
      "Generating non-parametric dataset.\n",
      "Generating non-parametric dataset.\n",
      "Generating non-parametric dataset.\n",
      "Generating non-parametric dataset.\n",
      "Generating non-parametric dataset.\n",
      "Generating non-parametric dataset.\n",
      "Generating non-parametric dataset.\n",
      "Generating non-parametric dataset.\n",
      "Generating non-parametric dataset.\n",
      "Generating non-parametric dataset.\n",
      "Generating non-parametric dataset.\n",
      "Generating non-parametric dataset.\n",
      "Generating non-parametric dataset.\n",
      "Generating non-parametric dataset.\n",
      "Generating non-parametric dataset.\n",
      "Generating non-parametric dataset.\n",
      "Generating non-parametric dataset.\n",
      "Generating non-parametric dataset.\n",
      "Generating non-parametric dataset.\n",
      "Generating non-parametric dataset.\n",
      "Generating non-parametric dataset.\n",
      "Generating non-parametric dataset.\n",
      "Generating non-parametric dataset.\n",
      "Generating non-parametric dataset.\n",
      "Generating non-parametric dataset.\n",
      "Generating non-parametric dataset.\n",
      "Generating non-parametric dataset.\n",
      "Generating non-parametric dataset.\n",
      "Generating non-parametric dataset.\n",
      "Generating non-parametric dataset.\n",
      "Generating non-parametric dataset.\n",
      "Generating non-parametric dataset.\n",
      "Generating non-parametric dataset.\n",
      "Generating non-parametric dataset.\n",
      "Generating non-parametric dataset.\n",
      "Generating non-parametric dataset.\n",
      "Generating non-parametric dataset.\n",
      "Generating non-parametric dataset.\n",
      "Generating non-parametric dataset.\n",
      "Generating non-parametric dataset.\n",
      "Generating non-parametric dataset.\n",
      "Generating non-parametric dataset.\n",
      "Generating non-parametric dataset.\n",
      "Generating non-parametric dataset.\n",
      "Generating non-parametric dataset.\n",
      "Generating non-parametric dataset.\n",
      "Generating non-parametric dataset.\n",
      "Generating non-parametric dataset.\n",
      "Generating non-parametric dataset.\n",
      "Generating non-parametric dataset.\n",
      "Generating non-parametric dataset.\n",
      "Generating non-parametric dataset.\n",
      "Generating non-parametric dataset.\n",
      "Generating non-parametric dataset.\n",
      "Generating non-parametric dataset.\n",
      "Generating non-parametric dataset.\n",
      "Generating non-parametric dataset.\n",
      "Generating non-parametric dataset.\n",
      "Generating non-parametric dataset.\n",
      "Generating non-parametric dataset.\n",
      "Generating non-parametric dataset.\n",
      "Generating non-parametric dataset.\n",
      "Generating non-parametric dataset.\n",
      "Generating non-parametric dataset.\n",
      "Generating non-parametric dataset.\n",
      "Generating non-parametric dataset.\n",
      "Generating non-parametric dataset.\n",
      "Generating non-parametric dataset.\n",
      "Generating non-parametric dataset.\n",
      "Generating non-parametric dataset.\n",
      "Generating non-parametric dataset.\n",
      "Generating non-parametric dataset.\n",
      "Generating non-parametric dataset.\n",
      "Generating non-parametric dataset.\n",
      "Generating non-parametric dataset.\n",
      "Generating non-parametric dataset.\n",
      "Generating non-parametric dataset.\n",
      "Generating non-parametric dataset.\n",
      "Generating non-parametric dataset.\n",
      "Generating non-parametric dataset.\n",
      "Generating non-parametric dataset.\n",
      "Generating non-parametric dataset.\n",
      "Generating non-parametric dataset.\n",
      "Generating non-parametric dataset.\n",
      "Generating non-parametric dataset.\n",
      "Generating non-parametric dataset.\n"
     ]
    }
   ],
   "source": [
    "#Compute RPE bootstrapped data sets for error bars on RPE analysis.\n",
    "\n",
    "boostrapRPEDSList = [gst.bootstrap.make_bootstrap_dataset(DSRPE,'nonparametric',seed=i) for i in xrange(100)]"
   ]
  },
  {
   "cell_type": "code",
   "execution_count": 13,
   "metadata": {
    "collapsed": false
   },
   "outputs": [],
   "source": [
    "#Analyze bootstrapped data sets with RPE.\n",
    "\n",
    "startAll = time.time()\n",
    "baseKey =  ('Exp. N=370',)\n",
    "\n",
    "trials = 100\n",
    "\n",
    "for kInd, k in enumerate(maxLengths_1024[1:]):    \n",
    "    alphaKey = ('alpha','RPE-BS')+baseKey+('k',k)\n",
    "    epsilonKey = ('epsilon','RPE-BS')+baseKey+('k',k)\n",
    "    thetaKey = ('theta','RPE-BS')+baseKey+('k',k)\n",
    "    expAngleD[alphaKey] = []\n",
    "    expAngleD[epsilonKey] = []\n",
    "    expAngleD[thetaKey] = []\n",
    "\n",
    "for i in xrange(trials):\n",
    "#        print \"N, Run =\", N, i\n",
    "#        gsEstKey =  ('deltaAlpha',deltaAlpha,'deltaEpsilon',deltaEpsilon,'Zrot',Zrot,'SPAMdepol',SPAMdepol,'N',N,'run',i)\n",
    "    DSTemp = boostrapRPEDSList[i].copy()\n",
    "    resultsTemp = RPE.analyze_rpe_data(DSTemp,gs_target,stringListsRPE,rpeconfig_inst)\n",
    "    for kInd, k in enumerate(maxLengths_1024[1:]):    \n",
    "        alphaKey = ('alpha','RPE-BS')+baseKey+('k',k)\n",
    "        epsilonKey = ('epsilon','RPE-BS')+baseKey+('k',k)\n",
    "        thetaKey = ('theta','RPE-BS')+baseKey+('k',k)\n",
    "\n",
    "        expAngleD[alphaKey] += [resultsTemp['alphaHatList'][kInd]]\n",
    "        expAngleD[epsilonKey] += [resultsTemp['epsilonHatList'][kInd]]\n",
    "        expAngleD[thetaKey] += [resultsTemp['thetaHatList'][kInd]]\n",
    "    del DSTemp\n",
    "    del resultsTemp\n",
    "#        print endOne - startOne"
   ]
  },
  {
   "cell_type": "code",
   "execution_count": 14,
   "metadata": {
    "collapsed": true
   },
   "outputs": [],
   "source": [
    "#Compute RPE error bars (2*sigma ~= 95% error bars) from bootstrapped data sets.\n",
    "\n",
    "trials = 100\n",
    "method = 'RPE-BS'\n",
    "baseKey =  ('Exp. N=370',)\n",
    "\n",
    "alphaRPEErrorBarList = [2*np.std(expAngleD[('alpha',method)+baseKey+('k',k)]) for k in maxLengths_1024[1:]]\n",
    "epsilonRPEErrorBarList = [2*np.std(expAngleD[('epsilon',method)+baseKey+('k',k)]) for k in maxLengths_1024[1:]]\n",
    "thetaRPEErrorBarList = [2*np.std(expAngleD[('theta',method)+baseKey+('k',k)]) for k in maxLengths_1024[1:]]\n"
   ]
  },
  {
   "cell_type": "code",
   "execution_count": 15,
   "metadata": {
    "collapsed": false
   },
   "outputs": [
    {
     "name": "stdout",
     "output_type": "stream",
     "text": [
      "GST final estimates:\n",
      "pi/2 - alpha = -6.39056800347e-05  +/- 1.55725011739e-05\n",
      "pi/2 - epsilon = -2.7346733537e-05  +/- 1.1255428288e-05\n",
      "theta = 6.28708228231e-05  +/- 0.000153154983215\n",
      "\n",
      "RPE final estimates\n",
      "pi/2 - alpha = -0.00016631698275  +/- 0.000111720649309\n",
      "pi/2 - epsilon = -0.000126662633937  +/- 0.000114336714167\n",
      "theta = 0.000209149198603  +/- 5.88728620371e-05\n"
     ]
    }
   ],
   "source": [
    "#Print final GST and RPE angle estimates, with error bars\n",
    "print \"GST final estimates:\"\n",
    "print \"pi/2 - alpha =\",np.pi/2-expAngleD[('alpha', 'GST', 'Exp. N=370', 'k', 1024)][0],\" +/-\", alphaGSTErrorBarList[-1] \n",
    "print \"pi/2 - epsilon =\",np.pi/2-expAngleD[('epsilon', 'GST', 'Exp. N=370', 'k', 1024)][0],\" +/-\", epsilonGSTErrorBarList[-1]\n",
    "print \"theta =\",expAngleD[('theta', 'GST', 'Exp. N=370', 'k', 1024)][0],\" +/-\", thetaGSTErrorBarList[-1]\n",
    "print\n",
    "print \"RPE final estimates\"\n",
    "print \"pi/2 - alpha =\",np.pi/2-expAngleD[('alpha', 'RPE', 'Exp. N=370', 'k', 1024)][0],\" +/-\", alphaRPEErrorBarList[-1] \n",
    "print \"pi/2 - epsilon =\",np.pi/2-expAngleD[('epsilon', 'RPE', 'Exp. N=370', 'k', 1024)][0],\" +/-\", epsilonRPEErrorBarList[-1]\n",
    "print \"theta =\",expAngleD[('theta', 'RPE', 'Exp. N=370', 'k', 1024)][0],\" +/-\", thetaRPEErrorBarList[-1]\n"
   ]
  },
  {
   "cell_type": "code",
   "execution_count": 16,
   "metadata": {
    "collapsed": false
   },
   "outputs": [
    {
     "data": {
